7.24697303772 -15.8626976013 -14.336227417
6.24697303772 -16.8626976013 -15.336227417
6.24697303772 -15.8626976013 -15.336227417
6.24697303772 -15.8626976013 -14.336227417
6.24697303772 -14.8626976013 -15.336227417
6.24697303772 -14.8626976013 -14.336227417
6.24697303772 -14.8626976013 -13.336227417
7.24697303772 -15.8626976013 -15.336227417
7.24697303772 -14.8626976013 -15.336227417
7.24697303772 -14.8626976013 -13.336227417
8.24697303772 -15.8626976013 -14.336227417
8.24697303772 -15.8626976013 -13.336227417
8.24697303772 -14.8626976013 -14.336227417
8.24697303772 -14.8626976013 -13.336227417
5.24697303772 -16.8626976013 -15.336227417
5.24697303772 -15.8626976013 -15.336227417
5.24697303772 -15.8626976013 -14.336227417
6.24697303772 -14.8626976013 -16.336227417
6.24697303772 -13.8626976013 -16.336227417
6.24697303772 -13.8626976013 -15.336227417
6.24697303772 -13.8626976013 -14.336227417
7.24697303772 -13.8626976013 -16.336227417
7.24697303772 -13.8626976013 -15.336227417
7.24697303772 -13.8626976013 -14.336227417
5.24697303772 -13.8626976013 -13.336227417
6.24697303772 -13.8626976013 -13.336227417
7.24697303772 -13.8626976013 -13.336227417
5.24697303772 -14.8626976013 -12.336227417
5.24697303772 -13.8626976013 -12.336227417
6.24697303772 -13.8626976013 -12.336227417
7.24697303772 -13.8626976013 -12.336227417
8.24697303772 -13.8626976013 -15.336227417
8.24697303772 -13.8626976013 -14.336227417
8.24697303772 -14.8626976013 -12.336227417
8.24697303772 -13.8626976013 -13.336227417
8.24697303772 -13.8626976013 -12.336227417
9.24697303772 -16.8626976013 -13.336227417
9.24697303772 -15.8626976013 -14.336227417
9.24697303772 -15.8626976013 -13.336227417
9.24697303772 -14.8626976013 -14.336227417
9.24697303772 -14.8626976013 -13.336227417
9.24697303772 -16.8626976013 -12.336227417
9.24697303772 -15.8626976013 -12.336227417
9.24697303772 -14.8626976013 -12.336227417
9.24697303772 -13.8626976013 -14.336227417
9.24697303772 -13.8626976013 -13.336227417
9.24697303772 -13.8626976013 -12.336227417
6.24697303772 -12.8626976013 -15.336227417
7.24697303772 -12.8626976013 -16.336227417
7.24697303772 -12.8626976013 -15.336227417
7.24697303772 -12.8626976013 -14.336227417
5.24697303772 -12.8626976013 -13.336227417
6.24697303772 -12.8626976013 -13.336227417
7.24697303772 -12.8626976013 -13.336227417
8.24697303772 -12.8626976013 -16.336227417
8.24697303772 -12.8626976013 -15.336227417
8.24697303772 -12.8626976013 -14.336227417
8.24697303772 -12.8626976013 -13.336227417
4.24697303772 -14.8626976013 -12.336227417
4.24697303772 -13.8626976013 -12.336227417
5.24697303772 -12.8626976013 -12.336227417
6.24697303772 -12.8626976013 -12.336227417
7.24697303772 -12.8626976013 -12.336227417
8.24697303772 -12.8626976013 -12.336227417
4.24697303772 -14.8626976013 -11.336227417
4.24697303772 -13.8626976013 -11.336227417
5.24697303772 -13.8626976013 -11.336227417
9.24697303772 -12.8626976013 -15.336227417
9.24697303772 -12.8626976013 -14.336227417
9.24697303772 -12.8626976013 -13.336227417
9.24697303772 -15.8626976013 -11.336227417
9.24697303772 -14.8626976013 -11.336227417
9.24697303772 -13.8626976013 -11.336227417
9.24697303772 -12.8626976013 -12.336227417
10.2469730377 -16.8626976013 -12.336227417
10.2469730377 -15.8626976013 -13.336227417
10.2469730377 -15.8626976013 -12.336227417
10.2469730377 -14.8626976013 -14.336227417
10.2469730377 -14.8626976013 -13.336227417
10.2469730377 -14.8626976013 -12.336227417
10.2469730377 -13.8626976013 -14.336227417
10.2469730377 -13.8626976013 -13.336227417
10.2469730377 -13.8626976013 -12.336227417
10.2469730377 -17.8626976013 -11.336227417
10.2469730377 -16.8626976013 -11.336227417
10.2469730377 -15.8626976013 -11.336227417
10.2469730377 -14.8626976013 -11.336227417
10.2469730377 -13.8626976013 -11.336227417
10.2469730377 -12.8626976013 -14.336227417
10.2469730377 -12.8626976013 -13.336227417
10.2469730377 -12.8626976013 -12.336227417
7.24697303772 -11.8626976013 -16.336227417
7.24697303772 -11.8626976013 -14.336227417
8.24697303772 -11.8626976013 -16.336227417
8.24697303772 -11.8626976013 -15.336227417
8.24697303772 -11.8626976013 -14.336227417
6.24697303772 -11.8626976013 -13.336227417
7.24697303772 -11.8626976013 -13.336227417
8.24697303772 -11.8626976013 -13.336227417
5.24697303772 -11.8626976013 -13.336227417
5.24697303772 -11.8626976013 -12.336227417
6.24697303772 -11.8626976013 -12.336227417
7.24697303772 -11.8626976013 -12.336227417
8.24697303772 -11.8626976013 -12.336227417
9.24697303772 -11.8626976013 -16.336227417
9.24697303772 -11.8626976013 -15.336227417
9.24697303772 -11.8626976013 -14.336227417
9.24697303772 -11.8626976013 -13.336227417
5.24697303772 -11.8626976013 -11.336227417
6.24697303772 -11.8626976013 -11.336227417
7.24697303772 -11.8626976013 -11.336227417
10.2469730377 -11.8626976013 -15.336227417
10.2469730377 -11.8626976013 -14.336227417
10.2469730377 -11.8626976013 -13.336227417
10.2469730377 -16.8626976013 -10.336227417
10.2469730377 -15.8626976013 -10.336227417
10.2469730377 -14.8626976013 -10.336227417
11.2469730377 -16.8626976013 -11.336227417
11.2469730377 -15.8626976013 -12.336227417
11.2469730377 -15.8626976013 -11.336227417
11.2469730377 -14.8626976013 -13.336227417
11.2469730377 -14.8626976013 -12.336227417
11.2469730377 -14.8626976013 -11.336227417
11.2469730377 -13.8626976013 -14.336227417
11.2469730377 -13.8626976013 -13.336227417
11.2469730377 -13.8626976013 -12.336227417
11.2469730377 -13.8626976013 -11.336227417
11.2469730377 -12.8626976013 -13.336227417
11.2469730377 -12.8626976013 -12.336227417
10.2469730377 -17.8626976013 -10.336227417
7.24697303772 -10.8626976013 -15.336227417
8.24697303772 -10.8626976013 -15.336227417
7.24697303772 -10.8626976013 -14.336227417
7.24697303772 -10.8626976013 -13.336227417
8.24697303772 -10.8626976013 -14.336227417
8.24697303772 -10.8626976013 -13.336227417
9.24697303772 -10.8626976013 -15.336227417
9.24697303772 -10.8626976013 -14.336227417
9.24697303772 -10.8626976013 -13.336227417
5.24697303772 -10.8626976013 -13.336227417
6.24697303772 -10.8626976013 -12.336227417
7.24697303772 -10.8626976013 -12.336227417
8.24697303772 -10.8626976013 -12.336227417
5.24697303772 -10.8626976013 -11.336227417
6.24697303772 -10.8626976013 -11.336227417
7.24697303772 -10.8626976013 -11.336227417
8.24697303772 -10.8626976013 -11.336227417
4.24697303772 -10.8626976013 -10.336227417
5.24697303772 -10.8626976013 -10.336227417
6.24697303772 -10.8626976013 -10.336227417
7.24697303772 -10.8626976013 -10.336227417
12.2469730377 -13.8626976013 -12.336227417
7.24697303772 -9.86269760132 -14.336227417
6.24697303772 -9.86269760132 -13.336227417
7.24697303772 -9.86269760132 -13.336227417
6.24697303772 -9.86269760132 -12.336227417
7.24697303772 -9.86269760132 -12.336227417
8.24697303772 -9.86269760132 -12.336227417
5.24697303772 -9.86269760132 -12.336227417
6.24697303772 -9.86269760132 -11.336227417
7.24697303772 -9.86269760132 -11.336227417
8.24697303772 -9.86269760132 -11.336227417
5.24697303772 -9.86269760132 -10.336227417
6.24697303772 -9.86269760132 -10.336227417
7.24697303772 -9.86269760132 -10.336227417
3.24697303772 -10.8626976013 -9.33622741699
4.24697303772 -10.8626976013 -9.33622741699
5.24697303772 -9.86269760132 -9.33622741699
6.24697303772 -8.86269760132 -13.336227417
7.24697303772 -8.86269760132 -13.336227417
5.24697303772 -8.86269760132 -12.336227417
6.24697303772 -8.86269760132 -12.336227417
7.24697303772 -8.86269760132 -12.336227417
5.24697303772 -8.86269760132 -11.336227417
7.24697303772 -8.86269760132 -11.336227417
6.24697303772 -8.86269760132 -10.336227417
2.24697303772 -9.86269760132 -8.33622741699
5.24697303772 -7.86269760132 -13.336227417
5.24697303772 -7.86269760132 -12.336227417
6.24697303772 -7.86269760132 -13.336227417
6.24697303772 -7.86269760132 -12.336227417
6.24697303772 -7.86269760132 -11.336227417
3.24697303772 -8.86269760132 -8.33622741699
3.24697303772 -8.86269760132 -7.33622741699
6.24697303772 -17.8626976013 -15.336227417
4.24697303772 -16.8626976013 -15.336227417
4.24697303772 -15.8626976013 -15.336227417
4.24697303772 -15.8626976013 -14.336227417
6.24697303772 -15.8626976013 -16.336227417
4.24697303772 -16.8626976013 -13.336227417
3.24697303772 -15.8626976013 -12.336227417
4.24697303772 -15.8626976013 -12.336227417
5.24697303772 -13.8626976013 -15.336227417
3.24697303772 -15.8626976013 -11.336227417
3.24697303772 -14.8626976013 -12.336227417
3.24697303772 -14.8626976013 -11.336227417
5.24697303772 -12.8626976013 -15.336227417
4.24697303772 -13.8626976013 -13.336227417
4.24697303772 -12.8626976013 -11.336227417
10.2469730377 -17.8626976013 -12.336227417
4.24697303772 -11.8626976013 -12.336227417
4.24697303772 -11.8626976013 -10.336227417
10.2469730377 -13.8626976013 -10.336227417
10.2469730377 -18.8626976013 -11.336227417
11.2469730377 -17.8626976013 -11.336227417
9.24697303772 -18.8626976013 -10.336227417
10.2469730377 -18.8626976013 -10.336227417
7.24697303772 -10.8626976013 -16.336227417
9.24697303772 -10.8626976013 -16.336227417
5.24697303772 -10.8626976013 -14.336227417
3.24697303772 -11.8626976013 -9.33622741699
9.24697303772 -17.8626976013 -9.33622741699
10.2469730377 -17.8626976013 -9.33622741699
12.2469730377 -13.8626976013 -13.336227417
12.2469730377 -12.8626976013 -13.336227417
6.24697303772 -9.86269760132 -16.336227417
6.24697303772 -9.86269760132 -15.336227417
3.24697303772 -9.86269760132 -10.336227417
2.24697303772 -10.8626976013 -9.33622741699
2.24697303772 -10.8626976013 -8.33622741699
3.24697303772 -10.8626976013 -8.33622741699
4.24697303772 -9.86269760132 -8.33622741699
5.24697303772 -8.86269760132 -14.336227417
6.24697303772 -8.86269760132 -14.336227417
5.24697303772 -8.86269760132 -10.336227417
2.24697303772 -8.86269760132 -9.33622741699
3.24697303772 -8.86269760132 -9.33622741699
4.24697303772 -8.86269760132 -8.33622741699
3.24697303772 -9.86269760132 -7.33622741699
2.24697303772 -8.86269760132 -8.33622741699
4.24697303772 -7.86269760132 -13.336227417
7.24697303772 -7.86269760132 -12.336227417
5.24697303772 -7.86269760132 -11.336227417
3.24697303772 -7.86269760132 -8.33622741699
3.24697303772 -7.86269760132 -7.33622741699
2.24697303772 -9.86269760132 -6.33622741699
2.24697303772 -7.86269760132 -7.33622741699
4.24697303772 -6.86269760132 -14.336227417
4.24697303772 -6.86269760132 -13.336227417
7.24697303772 -6.86269760132 -13.336227417
19.2469730377 -33.8626976013 -9.33622741699
18.2469730377 -33.8626976013 -10.336227417
18.2469730377 -33.8626976013 -9.33622741699
18.2469730377 -32.8626976013 -10.336227417
18.2469730377 -32.8626976013 -9.33622741699
18.2469730377 -32.8626976013 -8.33622741699
19.2469730377 -32.8626976013 -10.336227417
19.2469730377 -32.8626976013 -9.33622741699
19.2469730377 -32.8626976013 -8.33622741699
20.2469730377 -32.8626976013 -8.33622741699
17.2469730377 -34.8626976013 -9.33622741699
17.2469730377 -33.8626976013 -10.336227417
17.2469730377 -33.8626976013 -9.33622741699
17.2469730377 -32.8626976013 -10.336227417
17.2469730377 -32.8626976013 -9.33622741699
17.2469730377 -33.8626976013 -8.33622741699
17.2469730377 -32.8626976013 -8.33622741699
17.2469730377 -31.8626976013 -9.33622741699
18.2469730377 -31.8626976013 -10.336227417
18.2469730377 -31.8626976013 -9.33622741699
19.2469730377 -31.8626976013 -10.336227417
19.2469730377 -31.8626976013 -9.33622741699
17.2469730377 -31.8626976013 -8.33622741699
18.2469730377 -31.8626976013 -8.33622741699
19.2469730377 -31.8626976013 -8.33622741699
17.2469730377 -32.8626976013 -7.33622741699
17.2469730377 -31.8626976013 -7.33622741699
18.2469730377 -31.8626976013 -7.33622741699
19.2469730377 -31.8626976013 -7.33622741699
20.2469730377 -31.8626976013 -9.33622741699
20.2469730377 -31.8626976013 -8.33622741699
20.2469730377 -32.8626976013 -7.33622741699
20.2469730377 -31.8626976013 -7.33622741699
21.2469730377 -31.8626976013 -8.33622741699
21.2469730377 -31.8626976013 -7.33622741699
16.2469730377 -34.8626976013 -9.33622741699
16.2469730377 -34.8626976013 -8.33622741699
16.2469730377 -33.8626976013 -9.33622741699
16.2469730377 -32.8626976013 -9.33622741699
16.2469730377 -32.8626976013 -8.33622741699
16.2469730377 -31.8626976013 -9.33622741699
16.2469730377 -31.8626976013 -8.33622741699
16.2469730377 -31.8626976013 -7.33622741699
17.2469730377 -30.8626976013 -8.33622741699
18.2469730377 -30.8626976013 -9.33622741699
18.2469730377 -30.8626976013 -8.33622741699
19.2469730377 -30.8626976013 -8.33622741699
20.2469730377 -30.8626976013 -8.33622741699
16.2469730377 -30.8626976013 -7.33622741699
17.2469730377 -30.8626976013 -7.33622741699
18.2469730377 -30.8626976013 -7.33622741699
19.2469730377 -30.8626976013 -7.33622741699
20.2469730377 -30.8626976013 -7.33622741699
16.2469730377 -32.8626976013 -6.33622741699
16.2469730377 -31.8626976013 -6.33622741699
17.2469730377 -32.8626976013 -6.33622741699
18.2469730377 -31.8626976013 -6.33622741699
16.2469730377 -30.8626976013 -6.33622741699
17.2469730377 -30.8626976013 -6.33622741699
18.2469730377 -30.8626976013 -6.33622741699
19.2469730377 -30.8626976013 -6.33622741699
20.2469730377 -30.8626976013 -6.33622741699
17.2469730377 -29.8626976013 -7.33622741699
16.2469730377 -29.8626976013 -6.33622741699
17.2469730377 -29.8626976013 -6.33622741699
16.2469730377 -32.8626976013 -5.33622741699
16.2469730377 -31.8626976013 -5.33622741699
17.2469730377 -32.8626976013 -5.33622741699
17.2469730377 -31.8626976013 -5.33622741699
17.2469730377 -30.8626976013 -5.33622741699
18.2469730377 -31.8626976013 -5.33622741699
18.2469730377 -30.8626976013 -5.33622741699
19.2469730377 -30.8626976013 -5.33622741699
17.2469730377 -32.8626976013 -4.33622741699
18.2469730377 -31.8626976013 -4.33622741699
20.2469730377 -29.8626976013 -4.33622741699
20.2469730377 -29.8626976013 -3.33622741699
20.2469730377 -28.8626976013 -3.33622741699
21.2469730377 -28.8626976013 -3.33622741699
20.2469730377 -28.8626976013 -2.33622741699
21.2469730377 -28.8626976013 -2.33622741699
20.2469730377 -27.8626976013 -3.33622741699
20.2469730377 -27.8626976013 -2.33622741699
21.2469730377 -27.8626976013 -3.33622741699
21.2469730377 -27.8626976013 -2.33622741699
22.2469730377 -27.8626976013 -4.33622741699
20.2469730377 -28.8626976013 -1.33622741699
20.2469730377 -27.8626976013 -1.33622741699
21.2469730377 -28.8626976013 -1.33622741699
22.2469730377 -27.8626976013 -1.33622741699
20.2469730377 -26.8626976013 -2.33622741699
21.2469730377 -26.8626976013 -2.33622741699
20.2469730377 -26.8626976013 -1.33622741699
21.2469730377 -26.8626976013 -1.33622741699
22.2469730377 -26.8626976013 -3.33622741699
22.2469730377 -26.8626976013 -2.33622741699
22.2469730377 -26.8626976013 -1.33622741699
23.2469730377 -26.8626976013 -3.33622741699
21.2469730377 -27.8626976013 -0.336227416992
21.2469730377 -26.8626976013 -0.336227416992
22.2469730377 -26.8626976013 -0.336227416992
21.2469730377 -25.8626976013 -2.33622741699
21.2469730377 -25.8626976013 -1.33622741699
22.2469730377 -25.8626976013 -3.33622741699
22.2469730377 -25.8626976013 -2.33622741699
22.2469730377 -25.8626976013 -1.33622741699
21.2469730377 -25.8626976013 -0.336227416992
22.2469730377 -25.8626976013 -0.336227416992
23.2469730377 -25.8626976013 -3.33622741699
23.2469730377 -25.8626976013 -2.33622741699
24.2469730377 -25.8626976013 -2.33622741699
22.2469730377 -25.8626976013 0.663772583008
21.2469730377 -24.8626976013 -1.33622741699
22.2469730377 -24.8626976013 -2.33622741699
22.2469730377 -24.8626976013 -1.33622741699
21.2469730377 -24.8626976013 -0.336227416992
22.2469730377 -24.8626976013 -0.336227416992
23.2469730377 -24.8626976013 -3.33622741699
23.2469730377 -24.8626976013 -2.33622741699
23.2469730377 -24.8626976013 -1.33622741699
23.2469730377 -24.8626976013 -0.336227416992
21.2469730377 -24.8626976013 0.663772583008
22.2469730377 -24.8626976013 0.663772583008
23.2469730377 -24.8626976013 0.663772583008
24.2469730377 -24.8626976013 -3.33622741699
24.2469730377 -24.8626976013 -2.33622741699
24.2469730377 -24.8626976013 -1.33622741699
25.2469730377 -24.8626976013 -3.33622741699
23.2469730377 -24.8626976013 1.66377258301
22.2469730377 -23.8626976013 -2.33622741699
22.2469730377 -23.8626976013 -1.33622741699
22.2469730377 -23.8626976013 -0.336227416992
23.2469730377 -23.8626976013 -2.33622741699
23.2469730377 -23.8626976013 -1.33622741699
23.2469730377 -23.8626976013 -0.336227416992
22.2469730377 -23.8626976013 0.663772583008
23.2469730377 -23.8626976013 0.663772583008
24.2469730377 -23.8626976013 -3.33622741699
24.2469730377 -23.8626976013 -2.33622741699
24.2469730377 -23.8626976013 -1.33622741699
24.2469730377 -24.8626976013 -0.336227416992
24.2469730377 -23.8626976013 -0.336227416992
24.2469730377 -24.8626976013 0.663772583008
24.2469730377 -23.8626976013 0.663772583008
22.2469730377 -23.8626976013 1.66377258301
23.2469730377 -23.8626976013 1.66377258301
24.2469730377 -23.8626976013 1.66377258301
25.2469730377 -23.8626976013 -3.33622741699
25.2469730377 -23.8626976013 -2.33622741699
25.2469730377 -23.8626976013 -1.33622741699
23.2469730377 -22.8626976013 -2.33622741699
23.2469730377 -22.8626976013 -1.33622741699
23.2469730377 -22.8626976013 0.663772583008
24.2469730377 -22.8626976013 -3.33622741699
24.2469730377 -22.8626976013 -2.33622741699
24.2469730377 -22.8626976013 -1.33622741699
24.2469730377 -22.8626976013 -0.336227416992
24.2469730377 -22.8626976013 0.663772583008
23.2469730377 -22.8626976013 1.66377258301
24.2469730377 -22.8626976013 1.66377258301
25.2469730377 -22.8626976013 -3.33622741699
25.2469730377 -22.8626976013 -2.33622741699
25.2469730377 -22.8626976013 -1.33622741699
25.2469730377 -22.8626976013 -0.336227416992
25.2469730377 -22.8626976013 0.663772583008
26.2469730377 -22.8626976013 -2.33622741699
26.2469730377 -22.8626976013 -1.33622741699
24.2469730377 -21.8626976013 -3.33622741699
24.2469730377 -21.8626976013 -2.33622741699
24.2469730377 -21.8626976013 -1.33622741699
24.2469730377 -21.8626976013 -0.336227416992
24.2469730377 -21.8626976013 0.663772583008
25.2469730377 -21.8626976013 -3.33622741699
25.2469730377 -21.8626976013 -2.33622741699
25.2469730377 -21.8626976013 -1.33622741699
25.2469730377 -21.8626976013 -0.336227416992
25.2469730377 -21.8626976013 0.663772583008
24.2469730377 -20.8626976013 -3.33622741699
24.2469730377 -20.8626976013 -2.33622741699
25.2469730377 -20.8626976013 -3.33622741699
25.2469730377 -20.8626976013 -2.33622741699
15.2469730377 -34.8626976013 -9.33622741699
15.2469730377 -34.8626976013 -8.33622741699
15.2469730377 -33.8626976013 -9.33622741699
15.2469730377 -33.8626976013 -8.33622741699
16.2469730377 -35.8626976013 -9.33622741699
15.2469730377 -32.8626976013 -8.33622741699
18.2469730377 -34.8626976013 -9.33622741699
16.2469730377 -33.8626976013 -6.33622741699
16.2469730377 -29.8626976013 -7.33622741699
16.2469730377 -33.8626976013 -5.33622741699
16.2469730377 -30.8626976013 -5.33622741699
18.2469730377 -32.8626976013 -5.33622741699
20.2469730377 -33.8626976013 -8.33622741699
20.2469730377 -30.8626976013 -9.33622741699
20.2469730377 -30.8626976013 -5.33622741699
16.2469730377 -28.8626976013 -6.33622741699
16.2469730377 -33.8626976013 -4.33622741699
16.2469730377 -32.8626976013 -4.33622741699
18.2469730377 -32.8626976013 -4.33622741699
19.2469730377 -30.8626976013 -4.33622741699
19.2469730377 -29.8626976013 -4.33622741699
21.2469730377 -32.8626976013 -7.33622741699
21.2469730377 -30.8626976013 -6.33622741699
21.2469730377 -29.8626976013 -5.33622741699
21.2469730377 -30.8626976013 -3.33622741699
21.2469730377 -29.8626976013 -3.33622741699
19.2469730377 -28.8626976013 -2.33622741699
19.2469730377 -27.8626976013 -2.33622741699
20.2469730377 -29.8626976013 -1.33622741699
23.2469730377 -28.8626976013 -5.33622741699
23.2469730377 -28.8626976013 -4.33622741699
23.2469730377 -27.8626976013 -5.33622741699
23.2469730377 -27.8626976013 -4.33622741699
23.2469730377 -26.8626976013 -5.33622741699
23.2469730377 -26.8626976013 -4.33622741699
21.2469730377 -28.8626976013 -0.336227416992
22.2469730377 -29.8626976013 -0.336227416992
22.2469730377 -28.8626976013 -0.336227416992
22.2469730377 -27.8626976013 -0.336227416992
24.2469730377 -26.8626976013 -4.33622741699
25.2469730377 -25.8626976013 -2.33622741699
22.2469730377 -24.8626976013 1.66377258301
24.2469730377 -24.8626976013 1.66377258301
25.2469730377 -24.8626976013 -0.336227416992
26.2469730377 -25.8626976013 -2.33622741699
26.2469730377 -24.8626976013 -3.33622741699
26.2469730377 -24.8626976013 -2.33622741699
24.2469730377 -23.8626976013 2.66377258301
24.2469730377 -22.8626976013 2.66377258301
27.2469730377 -23.8626976013 -2.33622741699
25.2469730377 -21.8626976013 1.66377258301
25.2469730377 -21.8626976013 2.66377258301
26.2469730377 -21.8626976013 -0.336227416992
26.2469730377 -21.8626976013 0.663772583008
25.2469730377 -20.8626976013 -1.33622741699
24.2469730377 -19.8626976013 -4.33622741699
24.2469730377 -19.8626976013 -3.33622741699
25.2469730377 -19.8626976013 -3.33622741699
16.2469730377 -17.8626976013 -31.336227417
15.2469730377 -17.8626976013 -31.336227417
15.2469730377 -17.8626976013 -30.336227417
15.2469730377 -16.8626976013 -31.336227417
15.2469730377 -16.8626976013 -30.336227417
16.2469730377 -17.8626976013 -30.336227417
16.2469730377 -16.8626976013 -31.336227417
16.2469730377 -16.8626976013 -30.336227417
17.2469730377 -16.8626976013 -30.336227417
14.2469730377 -16.8626976013 -30.336227417
14.2469730377 -16.8626976013 -29.336227417
15.2469730377 -16.8626976013 -29.336227417
16.2469730377 -16.8626976013 -29.336227417
14.2469730377 -15.8626976013 -30.336227417
15.2469730377 -15.8626976013 -31.336227417
15.2469730377 -15.8626976013 -30.336227417
16.2469730377 -15.8626976013 -31.336227417
16.2469730377 -15.8626976013 -30.336227417
14.2469730377 -15.8626976013 -29.336227417
15.2469730377 -15.8626976013 -29.336227417
16.2469730377 -15.8626976013 -29.336227417
17.2469730377 -15.8626976013 -30.336227417
17.2469730377 -15.8626976013 -29.336227417
14.2469730377 -15.8626976013 -28.336227417
15.2469730377 -15.8626976013 -28.336227417
16.2469730377 -15.8626976013 -28.336227417
15.2469730377 -14.8626976013 -30.336227417
15.2469730377 -14.8626976013 -29.336227417
16.2469730377 -14.8626976013 -30.336227417
16.2469730377 -14.8626976013 -29.336227417
17.2469730377 -14.8626976013 -30.336227417
17.2469730377 -14.8626976013 -29.336227417
14.2469730377 -14.8626976013 -28.336227417
15.2469730377 -14.8626976013 -28.336227417
16.2469730377 -14.8626976013 -28.336227417
17.2469730377 -14.8626976013 -28.336227417
18.2469730377 -14.8626976013 -30.336227417
14.2469730377 -14.8626976013 -27.336227417
15.2469730377 -14.8626976013 -27.336227417
16.2469730377 -14.8626976013 -27.336227417
17.2469730377 -14.8626976013 -27.336227417
15.2469730377 -13.8626976013 -29.336227417
14.2469730377 -13.8626976013 -28.336227417
15.2469730377 -13.8626976013 -28.336227417
16.2469730377 -13.8626976013 -28.336227417
17.2469730377 -13.8626976013 -30.336227417
17.2469730377 -13.8626976013 -29.336227417
17.2469730377 -13.8626976013 -28.336227417
18.2469730377 -13.8626976013 -30.336227417
18.2469730377 -13.8626976013 -29.336227417
18.2469730377 -13.8626976013 -28.336227417
14.2469730377 -13.8626976013 -27.336227417
15.2469730377 -13.8626976013 -27.336227417
16.2469730377 -13.8626976013 -27.336227417
17.2469730377 -13.8626976013 -27.336227417
15.2469730377 -13.8626976013 -26.336227417
16.2469730377 -13.8626976013 -26.336227417
17.2469730377 -13.8626976013 -26.336227417
14.2469730377 -12.8626976013 -28.336227417
15.2469730377 -12.8626976013 -28.336227417
16.2469730377 -12.8626976013 -28.336227417
14.2469730377 -12.8626976013 -27.336227417
15.2469730377 -12.8626976013 -27.336227417
16.2469730377 -12.8626976013 -27.336227417
17.2469730377 -12.8626976013 -29.336227417
17.2469730377 -12.8626976013 -28.336227417
17.2469730377 -12.8626976013 -27.336227417
15.2469730377 -12.8626976013 -26.336227417
16.2469730377 -12.8626976013 -26.336227417
17.2469730377 -12.8626976013 -26.336227417
16.2469730377 -12.8626976013 -25.336227417
17.2469730377 -12.8626976013 -25.336227417
14.2469730377 -11.8626976013 -28.336227417
15.2469730377 -11.8626976013 -29.336227417
15.2469730377 -11.8626976013 -28.336227417
15.2469730377 -11.8626976013 -27.336227417
16.2469730377 -11.8626976013 -28.336227417
16.2469730377 -11.8626976013 -27.336227417
15.2469730377 -11.8626976013 -26.336227417
16.2469730377 -11.8626976013 -26.336227417
17.2469730377 -11.8626976013 -26.336227417
16.2469730377 -11.8626976013 -25.336227417
17.2469730377 -11.8626976013 -25.336227417
14.2469730377 -10.8626976013 -28.336227417
15.2469730377 -10.8626976013 -28.336227417
15.2469730377 -10.8626976013 -27.336227417
16.2469730377 -10.8626976013 -24.336227417
17.2469730377 -10.8626976013 -24.336227417
14.2469730377 -9.86269760132 -27.336227417
15.2469730377 -9.86269760132 -27.336227417
15.2469730377 -9.86269760132 -26.336227417
16.2469730377 -10.8626976013 -23.336227417
16.2469730377 -9.86269760132 -25.336227417
16.2469730377 -9.86269760132 -24.336227417
16.2469730377 -9.86269760132 -23.336227417
17.2469730377 -10.8626976013 -23.336227417
17.2469730377 -9.86269760132 -24.336227417
17.2469730377 -9.86269760132 -23.336227417
14.2469730377 -8.86269760132 -27.336227417
15.2469730377 -8.86269760132 -27.336227417
15.2469730377 -8.86269760132 -26.336227417
16.2469730377 -8.86269760132 -26.336227417
15.2469730377 -8.86269760132 -25.336227417
16.2469730377 -8.86269760132 -25.336227417
16.2469730377 -10.8626976013 -22.336227417
16.2469730377 -9.86269760132 -22.336227417
17.2469730377 -9.86269760132 -22.336227417
16.2469730377 -8.86269760132 -24.336227417
17.2469730377 -8.86269760132 -24.336227417
15.2469730377 -18.8626976013 -30.336227417
15.2469730377 -17.8626976013 -29.336227417
15.2469730377 -16.8626976013 -32.336227417
13.2469730377 -16.8626976013 -29.336227417
14.2469730377 -15.8626976013 -31.336227417
13.2469730377 -15.8626976013 -28.336227417
18.2469730377 -16.8626976013 -31.336227417
18.2469730377 -15.8626976013 -30.336227417
13.2469730377 -14.8626976013 -30.336227417
13.2469730377 -14.8626976013 -29.336227417
13.2469730377 -13.8626976013 -29.336227417
15.2469730377 -13.8626976013 -30.336227417
18.2469730377 -13.8626976013 -31.336227417
16.2469730377 -12.8626976013 -31.336227417
18.2469730377 -12.8626976013 -31.336227417
18.2469730377 -12.8626976013 -30.336227417
14.2469730377 -11.8626976013 -29.336227417
16.2469730377 -11.8626976013 -29.336227417
16.2469730377 -11.8626976013 -24.336227417
17.2469730377 -11.8626976013 -24.336227417
14.2469730377 -10.8626976013 -29.336227417
15.2469730377 -9.86269760132 -28.336227417
15.2469730377 -10.8626976013 -22.336227417
16.2469730377 -11.8626976013 -22.336227417
14.2469730377 -8.86269760132 -28.336227417
13.2469730377 -8.86269760132 -27.336227417
14.2469730377 -8.86269760132 -26.336227417
16.2469730377 -8.86269760132 -23.336227417
17.2469730377 -8.86269760132 -23.336227417
16.2469730377 -10.8626976013 -21.336227417
16.2469730377 -9.86269760132 -21.336227417
17.2469730377 -9.86269760132 -21.336227417
15.2469730377 -7.86269760132 -26.336227417
16.2469730377 -7.86269760132 -25.336227417
17.2469730377 -7.86269760132 -25.336227417
19.2469730377 4.13730239868 -16.336227417
18.2469730377 3.13730239868 -15.336227417
18.2469730377 4.13730239868 -16.336227417
18.2469730377 4.13730239868 -15.336227417
18.2469730377 5.13730239868 -17.336227417
18.2469730377 5.13730239868 -16.336227417
18.2469730377 5.13730239868 -15.336227417
19.2469730377 3.13730239868 -16.336227417
19.2469730377 3.13730239868 -15.336227417
19.2469730377 4.13730239868 -15.336227417
19.2469730377 5.13730239868 -15.336227417
20.2469730377 3.13730239868 -16.336227417
20.2469730377 3.13730239868 -15.336227417
20.2469730377 4.13730239868 -15.336227417
19.2469730377 2.13730239868 -15.336227417
19.2469730377 2.13730239868 -14.336227417
19.2469730377 3.13730239868 -14.336227417
19.2469730377 4.13730239868 -14.336227417
17.2469730377 5.13730239868 -17.336227417
17.2469730377 5.13730239868 -16.336227417
19.2469730377 5.13730239868 -14.336227417
17.2469730377 6.13730239868 -16.336227417
18.2469730377 6.13730239868 -16.336227417
20.2469730377 2.13730239868 -16.336227417
20.2469730377 2.13730239868 -15.336227417
20.2469730377 2.13730239868 -14.336227417
20.2469730377 3.13730239868 -14.336227417
20.2469730377 4.13730239868 -14.336227417
21.2469730377 2.13730239868 -17.336227417
21.2469730377 2.13730239868 -16.336227417
21.2469730377 2.13730239868 -15.336227417
21.2469730377 3.13730239868 -16.336227417
21.2469730377 3.13730239868 -15.336227417
20.2469730377 1.13730239868 -15.336227417
21.2469730377 1.13730239868 -17.336227417
21.2469730377 1.13730239868 -16.336227417
21.2469730377 1.13730239868 -15.336227417
22.2469730377 1.13730239868 -17.336227417
22.2469730377 1.13730239868 -16.336227417
22.2469730377 2.13730239868 -16.336227417
22.2469730377 1.13730239868 -15.336227417
22.2469730377 2.13730239868 -15.336227417
22.2469730377 0.137302398682 -18.336227417
22.2469730377 0.137302398682 -17.336227417
22.2469730377 0.137302398682 -16.336227417
23.2469730377 0.137302398682 -17.336227417
23.2469730377 0.137302398682 -16.336227417
23.2469730377 1.13730239868 -18.336227417
23.2469730377 1.13730239868 -16.336227417
23.2469730377 2.13730239868 -16.336227417
23.2469730377 1.13730239868 -15.336227417
23.2469730377 2.13730239868 -15.336227417
22.2469730377 -0.862697601318 -18.336227417
22.2469730377 -0.862697601318 -17.336227417
23.2469730377 -0.862697601318 -19.336227417
23.2469730377 -0.862697601318 -18.336227417
23.2469730377 -0.862697601318 -17.336227417
23.2469730377 0.137302398682 -19.336227417
24.2469730377 -0.862697601318 -18.336227417
24.2469730377 -0.862697601318 -17.336227417
24.2469730377 0.137302398682 -18.336227417
24.2469730377 0.137302398682 -17.336227417
24.2469730377 0.137302398682 -16.336227417
24.2469730377 1.13730239868 -17.336227417
24.2469730377 1.13730239868 -16.336227417
24.2469730377 1.13730239868 -15.336227417
24.2469730377 2.13730239868 -15.336227417
25.2469730377 0.137302398682 -17.336227417
25.2469730377 1.13730239868 -17.336227417
25.2469730377 1.13730239868 -16.336227417
25.2469730377 2.13730239868 -16.336227417
24.2469730377 -1.86269760132 -20.336227417
24.2469730377 -0.862697601318 -20.336227417
24.2469730377 -0.862697601318 -19.336227417
23.2469730377 -1.86269760132 -18.336227417
22.2469730377 1.13730239868 -18.336227417
23.2469730377 -1.86269760132 -17.336227417
25.2469730377 1.13730239868 -18.336227417
24.2469730377 2.13730239868 -17.336227417
26.2469730377 1.13730239868 -17.336227417
26.2469730377 2.13730239868 -16.336227417
20.2469730377 3.13730239868 -17.336227417
21.2469730377 3.13730239868 -17.336227417
22.2469730377 3.13730239868 -15.336227417
24.2469730377 3.13730239868 -15.336227417
25.2469730377 3.13730239868 -15.336227417
19.2469730377 4.13730239868 -17.336227417
20.2469730377 1.13730239868 -14.336227417
19.2469730377 1.13730239868 -14.336227417
18.2469730377 1.13730239868 -14.336227417
18.2469730377 2.13730239868 -14.336227417
18.2469730377 3.13730239868 -14.336227417
19.2469730377 5.13730239868 -17.336227417
20.2469730377 5.13730239868 -14.336227417
19.2469730377 1.13730239868 -13.336227417
20.2469730377 5.13730239868 -13.336227417
17.2469730377 6.13730239868 -17.336227417
18.2469730377 6.13730239868 -17.336227417
18.2469730377 6.13730239868 -15.336227417
16.2469730377 6.13730239868 -17.336227417
16.2469730377 6.13730239868 -16.336227417
27.2469730377 -22.8626976013 -18.336227417
26.2469730377 -23.8626976013 -19.336227417
26.2469730377 -23.8626976013 -18.336227417
26.2469730377 -23.8626976013 -17.336227417
26.2469730377 -22.8626976013 -19.336227417
26.2469730377 -22.8626976013 -18.336227417
26.2469730377 -22.8626976013 -17.336227417
26.2469730377 -21.8626976013 -18.336227417
26.2469730377 -21.8626976013 -17.336227417
27.2469730377 -23.8626976013 -17.336227417
27.2469730377 -22.8626976013 -17.336227417
27.2469730377 -21.8626976013 -18.336227417
27.2469730377 -21.8626976013 -17.336227417
28.2469730377 -22.8626976013 -18.336227417
28.2469730377 -21.8626976013 -18.336227417
25.2469730377 -24.8626976013 -18.336227417
25.2469730377 -22.8626976013 -18.336227417
26.2469730377 -24.8626976013 -18.336227417
25.2469730377 -24.8626976013 -17.336227417
25.2469730377 -23.8626976013 -17.336227417
25.2469730377 -22.8626976013 -17.336227417
26.2469730377 -24.8626976013 -17.336227417
27.2469730377 -24.8626976013 -17.336227417
26.2469730377 -24.8626976013 -16.336227417
26.2469730377 -23.8626976013 -16.336227417
26.2469730377 -22.8626976013 -16.336227417
27.2469730377 -24.8626976013 -16.336227417
27.2469730377 -23.8626976013 -16.336227417
27.2469730377 -22.8626976013 -16.336227417
26.2469730377 -21.8626976013 -16.336227417
27.2469730377 -21.8626976013 -16.336227417
27.2469730377 -20.8626976013 -17.336227417
27.2469730377 -20.8626976013 -16.336227417
28.2469730377 -23.8626976013 -16.336227417
28.2469730377 -22.8626976013 -16.336227417
28.2469730377 -21.8626976013 -16.336227417
28.2469730377 -20.8626976013 -17.336227417
28.2469730377 -20.8626976013 -16.336227417
26.2469730377 -25.8626976013 -16.336227417
26.2469730377 -23.8626976013 -15.336227417
27.2469730377 -24.8626976013 -15.336227417
27.2469730377 -23.8626976013 -15.336227417
27.2469730377 -22.8626976013 -15.336227417
27.2469730377 -21.8626976013 -15.336227417
28.2469730377 -23.8626976013 -15.336227417
28.2469730377 -22.8626976013 -15.336227417
28.2469730377 -21.8626976013 -15.336227417
29.2469730377 -20.8626976013 -15.336227417
27.2469730377 -23.8626976013 -14.336227417
28.2469730377 -23.8626976013 -14.336227417
28.2469730377 -22.8626976013 -14.336227417
28.2469730377 -21.8626976013 -14.336227417
29.2469730377 -21.8626976013 -14.336227417
26.2469730377 -23.8626976013 -20.336227417
27.2469730377 -23.8626976013 -20.336227417
25.2469730377 -23.8626976013 -19.336227417
28.2469730377 -23.8626976013 -19.336227417
27.2469730377 -25.8626976013 -18.336227417
28.2469730377 -23.8626976013 -18.336227417
29.2469730377 -22.8626976013 -18.336227417
24.2469730377 -23.8626976013 -17.336227417
25.2469730377 -25.8626976013 -17.336227417
25.2469730377 -21.8626976013 -17.336227417
27.2469730377 -25.8626976013 -17.336227417
28.2469730377 -21.8626976013 -19.336227417
28.2469730377 -20.8626976013 -18.336227417
26.2469730377 -26.8626976013 -17.336227417
29.2469730377 -21.8626976013 -18.336227417
27.2469730377 -25.8626976013 -16.336227417
29.2469730377 -20.8626976013 -18.336227417
29.2469730377 -21.8626976013 -16.336227417
29.2469730377 -20.8626976013 -16.336227417
27.2469730377 -25.8626976013 -15.336227417
30.2469730377 -21.8626976013 -16.336227417
27.2469730377 -24.8626976013 -14.336227417
28.2469730377 -24.8626976013 -14.336227417
28.2469730377 -20.8626976013 -14.336227417
29.2469730377 -23.8626976013 -14.336227417
29.2469730377 -22.8626976013 -14.336227417
29.2469730377 -20.8626976013 -14.336227417
30.2469730377 -20.8626976013 -14.336227417
29.2469730377 -20.8626976013 -13.336227417
30.2469730377 -20.8626976013 -13.336227417
21.2469730377 -32.8626976013 -18.336227417
21.2469730377 -32.8626976013 -19.336227417
21.2469730377 -31.8626976013 -18.336227417
22.2469730377 -31.8626976013 -19.336227417
22.2469730377 -31.8626976013 -18.336227417
22.2469730377 -31.8626976013 -17.336227417
21.2469730377 -30.8626976013 -18.336227417
21.2469730377 -30.8626976013 -17.336227417
22.2469730377 -30.8626976013 -18.336227417
22.2469730377 -30.8626976013 -17.336227417
23.2469730377 -30.8626976013 -17.336227417
22.2469730377 -31.8626976013 -16.336227417
22.2469730377 -30.8626976013 -16.336227417
23.2469730377 -31.8626976013 -16.336227417
23.2469730377 -30.8626976013 -16.336227417
21.2469730377 -29.8626976013 -17.336227417
22.2469730377 -29.8626976013 -18.336227417
22.2469730377 -29.8626976013 -17.336227417
21.2469730377 -29.8626976013 -16.336227417
22.2469730377 -29.8626976013 -16.336227417
23.2469730377 -29.8626976013 -18.336227417
23.2469730377 -29.8626976013 -17.336227417
23.2469730377 -29.8626976013 -16.336227417
22.2469730377 -30.8626976013 -15.336227417
23.2469730377 -32.8626976013 -15.336227417
23.2469730377 -31.8626976013 -15.336227417
23.2469730377 -30.8626976013 -15.336227417
23.2469730377 -29.8626976013 -15.336227417
24.2469730377 -31.8626976013 -15.336227417
24.2469730377 -30.8626976013 -15.336227417
21.2469730377 -28.8626976013 -17.336227417
21.2469730377 -28.8626976013 -16.336227417
22.2469730377 -28.8626976013 -17.336227417
22.2469730377 -28.8626976013 -16.336227417
23.2469730377 -28.8626976013 -17.336227417
23.2469730377 -31.8626976013 -14.336227417
23.2469730377 -30.8626976013 -14.336227417
24.2469730377 -31.8626976013 -14.336227417
24.2469730377 -30.8626976013 -14.336227417
21.2469730377 -33.8626976013 -20.336227417
20.2469730377 -32.8626976013 -19.336227417
20.2469730377 -33.8626976013 -18.336227417
20.2469730377 -32.8626976013 -18.336227417
21.2469730377 -33.8626976013 -18.336227417
22.2469730377 -33.8626976013 -18.336227417
22.2469730377 -32.8626976013 -18.336227417
22.2469730377 -30.8626976013 -19.336227417
22.2469730377 -30.8626976013 -20.336227417
23.2469730377 -30.8626976013 -19.336227417
22.2469730377 -32.8626976013 -16.336227417
23.2469730377 -32.8626976013 -16.336227417
24.2469730377 -29.8626976013 -18.336227417
24.2469730377 -30.8626976013 -17.336227417
24.2469730377 -32.8626976013 -15.336227417
24.2469730377 -29.8626976013 -15.336227417
20.2469730377 -28.8626976013 -17.336227417
20.2469730377 -28.8626976013 -16.336227417
24.2469730377 -28.8626976013 -17.336227417
23.2469730377 -32.8626976013 -14.336227417
24.2469730377 -32.8626976013 -14.336227417
25.2469730377 -30.8626976013 -14.336227417
25.2469730377 -29.8626976013 -14.336227417
20.2469730377 -27.8626976013 -16.336227417
21.2469730377 -27.8626976013 -16.336227417
24.2469730377 -30.8626976013 -13.336227417
25.2469730377 -30.8626976013 -13.336227417